52.0000000 8.4852814 8.4852814 -15.1374523
51.2291450 9.3331086 7.8331732 -14.0550306
35.3371419 10.5129559 7.2539014 -9.7220083
25.8297718 11.7485076 6.7910493 0.1259038
24.9096785 12.1528738 6.5311413 4.7864120
27.2544232 12.0405350 6.3840572 5.0043047
30.7796681 11.8780329 6.2753873 4.6655273
45.6350747 11.7213201 6.1939745 4.1804943
44.4987526 11.5820632 6.1341190 3.6552240
43.4036117 11.4623172 6.0913579 3.1327631
42.3392516 11.3613986 6.0618089 2.6372117
41.2969412 11.2776776 6.0421193 2.1837862
40.2698519 11.2091701 6.0295092 1.7814142
39.2529220 11.1537968 6.0217843 1.4338000
38.2425686 11.1095313 6.0172976 1.1404701
37.2363575 11.0744912 6.0148703 0.8979362
36.2326930 11.0469921 6.0136964 0.7008628
35.2305618 11.0255718 6.0132471 0.5430645
34.2293374 11.0089934 6.0131903 0.4179078
33.2286416 10.9962545 6.0133138 0.3197140
32.2282498 10.9865315 6.0134954 0.2442680
31.2280301 10.9791009 6.0137004 0.1862056
30.2279075 10.9734279 6.0139028 0.1415865
29.2278396 10.9691053 6.0140875 0.1073942
28.2278021 10.9658194 6.0142472 0.0812763
27.2277815 10.9633275 6.0143806 0.0613894
26.2277702 10.9614419 6.0144889 0.0462909
25.2277641 10.9600176 6.0145753 0.0348568
24.2277608 10.9589437 6.0146432 0.0262167
23.2277590 10.9581350 6.0146960 0.0196998
22.2277581 10.9575268 6.0147366 0.0147916
21.2277575 10.9570698 6.0147677 0.0110997
20.2277573 10.9567266 6.0147914 0.0083252
19.2277571 10.9564691 6.0148094 0.0062419
18.2277570 10.9562760 6.0148230 0.0046786
17.2277570 10.9561312 6.0148333 0.0035060
16.2277570 10.9560226 22.9509114 -12.5551910
15.2919350 11.8456881 23.3218436 -13.1285443
14.4390057 13.1425047 24.0082976 -14.0197190
13.6785617 15.0784347 25.2310426 -14.6459514
13.0132454 13.8968708 27.2358699 -15.0332508
12.4429423 12.3662813 30.4963336 -15.2242440
11.9670447 11.0572895 30.4856607 -15.2710361
11.5868275 9.9367399 29.3360824 -15.2302898
11.3080897 8.9764723 28.3791642 -15.1581026
11.1444672 8.1541668 27.5904782 -15.0999238
11.1219023 7.4534140 26.9519865 -15.0910121
11.2864726 6.8633890 26.4533601 -15.1510729
11.7192264 6.3784741 26.0927554 -15.2522267
12.5637633 5.9975844 25.8756454 -15.1955888
14.0640240 5.7211871 25.8026831 -14.3507359
16.5348421 5.5404322 25.8209995 -12.9271175
20.5535456 5.4425331 25.8556155 -15.2713022
21.1832258 5.5110239 26.2922465 -15.2713022
20.0505527 5.7474228 26.9888064 -15.2713022
19.0747001 6.1972221 28.0214993 -15.0716871
18.2367246 6.9227781 9.8181466 -13.5648843
17.4886941 7.9407591 9.1377047 -13.9258165
16.8497075 9.4785182 8.4825695 -12.7515934
16.2660418 11.6308995 36.6408043 -12.6025627
15.7584258 14.8487664 41.0816125 -12.5723288
15.3317795 14.0019237 48.0263358 -13.0827677
15.0223041 12.8660161 46.9597527 -13.4291342
14.8424620 11.8744448 45.8057283 -13.6203275
14.8086590 11.0172564 44.8843033 -13.6553906
14.9426166 10.2840099 44.1887421 -13.5148088
15.2716006 9.6642950 22.8635748 -13.1517639
15.8254350 9.1472897 16.7119175 -12.4889353
16.6261663 8.7204021 14.2239424 -11.6115268
17.7010462 8.3705273 12.8928945 -11.5762099
19.3398699 8.1049975 11.9125451 -12.5112947
22.2340910 7.9504732 10.9962699 -13.4036001
27.6594637 7.9291933 10.1445077 -14.2205848
37.9556674 8.0713887 9.3549408 -14.8767819
36.5955310 8.4176698 8.6261309 -15.1585932
35.5132468 9.0166264 7.9605400 -14.5622716
34.6847487 9.8992990 7.3681411 -12.0658656
34.0030021 10.9795465 6.8709128 -5.6139881
28.3218703 11.7877377 6.5254535 2.3740317
29.4121272 11.8868834 6.3550096 4.2100249
30.9925510 11.7854135 6.2475634 4.2489291
29.8898716 11.6544498 6.1714668 3.8887436
28.8148756 11.5296551 6.1172178 3.4158401
27.7631053 11.4199480 6.0793067 2.9235437
26.7287387 11.3268920 6.0535928 2.4520312
25.7066481 11.2496587 6.0367565 2.0214189
24.6928441 11.1865832 6.0261650 1.6415323
23.6844329 11.1357456 6.0198045 1.3156253
22.6794215 11.0952303 6.0162002 1.0424962
21.6764944 11.0632536 6.0143187 0.8180781
20.6748145 11.0382264 6.0134658 0.6367254
19.6738650 11.0187785 6.0131942 0.4921962
18.6733356 11.0037577 6.0132275 0.3776249
17.6730443 10.9922616 6.0133775 0.2887965
16.6728855 10.9834798 6.0135718 0.2204704
15.6727996 10.9767698 6.0137783 0.1679044
14.6727536 10.9716504 6.0139754 0.1275488
13.6727291 10.9677532 6.0141511 0.0966610
12.6727163 10.9647934 6.0143008 0.0730963
