0.0000000 0.0000000 30.0000000 42.4264069 42.4264069 -15.1374523
0.0000000 -0.9653021 29.1453229 37.9056364 39.1658662 -14.8888938
0.0841227 -1.9280598 28.4968730 34.3085674 36.5621644 -14.1871983
0.2509240 -2.8831032 28.0208594 31.4416136 34.4935839 -13.3968617
0.4960203 -3.8245093 27.6874899 29.1173217 32.8198955 -12.6411613
0.8140592 -4.7469834 27.4759569 27.1969521 31.4326262 -11.9613042
1.1995397 -5.6461229 27.3738171 25.5830315 30.2540364 -11.3717276
1.6471651 -6.5183350 27.3760428 24.2073159 29.2290190 -10.9392412
2.1518992 -7.3604940 27.4915126 23.0204305 28.3166633 -11.3262294
2.7081542 -8.1679649 27.8255510 21.9814412 27.4786159 -11.6028562
3.3154820 -8.9365356 28.4152745 21.0893654 26.7173309 -11.7797137
3.9725504 -9.6621968 29.3103040 20.3412977 26.0319217 -11.8635299
4.6772609 -10.3412545 30.5781355 19.7335810 25.4191359 -11.8567749
5.4268673 -10.9704398 30.4054677 19.2624525 24.8738697 -11.7575026
6.2180920 -11.5470169 28.1004648 18.9242396 24.3892558 -11.5590002
7.0472450 -12.0688928 26.0824922 18.7151340 23.9563502 -11.2495085
7.9103436 -12.5347295 24.3002724 18.6305149 23.5634296 -11.0039211
8.8026595 -12.9438000 22.7024661 18.6731606 23.2068891 -11.5607138
9.7174195 -13.2945870 21.2264133 18.8937786 22.9395457 -12.2091380
10.6513424 -13.5827952 19.8662771 19.3360996 22.7887498 -12.9418547
11.6005469 -13.8038195 18.6199610 20.0638069 22.7932182 -13.7364686
12.5604412 -13.9528741 17.4884825 21.1708292 23.0078534 -13.9451261
13.5282532 -14.0254182 16.4720052 22.7190655 23.4261341 -12.7825440
14.5034547 -14.0199565 15.5455442 20.3640384 23.8856712 -12.8315363
15.4754087 -13.9426031 14.6974359 18.0001243 24.5901945 -12.9920174
16.4383510 -13.7936055 13.9236349 15.9753516 25.6588894 -14.4637915
17.3814827 -13.5742463 13.2580909 14.1786287 27.6707214 -14.9100039
18.3011978 -13.2777332 12.6893926 12.6364255 30.9480813 -15.1589085
19.1910539 -12.9038678 12.2181444 11.3155899 36.5318838 -15.2597497
20.0445264 -12.4540757 11.8468304 10.1846211 47.1974391 -15.2655875
20.8552245 -11.9311559 11.5824970 9.2162838 54.3431078 -15.2294353
21.6170314 -11.3390015 11.4401972 8.3887030 56.6192226 -15.1966318
22.3241723 -10.6823142 11.4478669 7.6856303 59.6653724 -15.1986307
22.9712229 -9.9663571 11.6543476 7.0962523 63.7368480 -15.2424925
23.5531102 -9.1967545 12.1437808 6.6147431 69.2427006 -15.2662644
24.0652568 -8.3792116 13.0591141 6.2391085 97.4486600 -15.0119601
24.5041994 -7.5188409 14.6224890 5.9670393 78.3162619 -13.8433351
24.8691282 -6.6190755 17.0608201 5.7843442 72.6088809 -13.5184728
25.1615361 -5.6917921 21.4553400 5.7033566 71.0791177 -15.2713022
25.3790864 -4.7519530 33.2183084 5.7862999 69.9158053 -15.2713022
25.5132818 -3.7966429 45.6331676 6.0413367 69.2369242 -15.2713022
25.5630861 -2.8332399 48.0126768 6.5152137 69.0312786 -15.2713022
25.5281145 -1.8691846 51.2835045 7.2821684 69.3061867 -15.2713022
25.4086371 -0.9119224 55.7702839 8.4645389 65.9543916 -15.2713022
25.2055767 0.0311536 62.0016089 10.2758875 62.4155636 -15.2713022
24.9205016 0.9527597 81.7474491 13.1214601 59.5646411 -15.2713022
24.5556134 1.8457784 66.7069422 17.8699211 57.2787163 -15.2713022
24.1137301 2.7033127 63.8420532 26.7717779 55.4711351 -15.2713022
23.5982647 3.5187396 62.3964253 37.9384001 54.0814199 -15.2713022
23.0131980 4.2857616 61.4363022 40.0486890 53.0689939 -15.2713022
22.3630486 4.9984548 60.9468453 42.9066710 52.4093766 -15.2121659
21.6526380 5.6514985 60.9267623 46.7304901 52.0896570 -11.4135092
20.8757340 6.2492111 60.9800469 50.4979574 51.8651124 -14.8314624
20.0723493 6.7868438 57.1930130 93.9948773 52.1174302 15.7396120
19.2296789 7.2519475 58.9904708 50.6291349 50.1368695 -14.9709273
18.4295738 7.7933327 55.4496380 89.4140303 50.3451054 15.7396120
17.5889248 8.2620801 57.0186597 50.7941372 48.4259012 -12.4705104
16.7826239 8.8127615 54.1317252 89.2132869 48.3870049 15.7396120
15.9507922 9.2969834 54.8230741 50.0782801 46.6044953 -8.8365420
15.1452618 9.8692796 53.5027295 92.3344075 46.2490590 15.7396120
14.3331067 10.3858247 52.3830972 48.2096434 44.7009080 -8.6830717
13.5503715 10.9895913 52.0434839 90.4510060 44.2552166 15.7396120
12.7596329 11.5383601 50.0368316 46.4147277 42.9263709 -8.7728795
12.0019783 12.1729447 49.5681447 88.6827561 42.4112044 15.7396120
11.2336341 12.7526532 47.7910137 44.7457189 41.2821447 -8.8808721
10.5019666 13.4166031 47.2057558 87.0178329 40.7051870 15.7396120
9.7568478 14.0258753 45.6339367 43.1843581 39.7586121 -9.0431432
9.0519824 14.7175833 44.9445520 45.1505824 39.1267668 7.1340856
8.3083314 15.3745152 43.7116549 43.4505813 38.3163262 1.4502537
7.5871591 16.0668085 42.6733360 43.0437965 37.5898619 3.6953388
6.8731114 16.7639325 41.5929645 42.1767164 36.8747730 2.6537212
6.1735002 17.4769546 40.5479614 41.5287915 36.1847415 2.9471623
5.4851491 18.2005078 39.5105123 40.8336468 35.5165690 2.7596126
4.8091892 18.9358719 38.4865908 40.1795187 34.8680547 2.7203891
4.1450962 19.6820138 37.4731070 39.5378897 34.2386391 2.6348319
3.4928452 20.4386216 36.4690998 38.9147992 33.6267168 2.5563282
2.8522249 21.2051830 35.4732778 38.3073796 33.0311376 2.4728279
2.2230316 21.9812334 34.4844557 37.7148101 32.4506473 2.3873515
1.6050254 22.7663023 33.5015121 37.1359157 31.8840624 2.2999485
0.9979416 23.5599261 32.5233964 36.5696260 31.3302363 2.2111460
0.4014919 24.3616487 31.5491350 36.0149088 30.7880716 2.1214043
-0.1846324 25.1710238 30.5778348 36.3497321 30.2565235 7.5005285
-0.7561877 25.9811381 29.7186163 34.3440562 29.9297115 -3.7252233
-1.2954341 26.8207761 28.6502131 38.0668714 29.2466897 14.9544315
-1.8350032 27.6221967 28.0352608 32.6727542 29.2976079 -9.2553940
-2.3137502 28.4852918 26.8129097 37.2105142 28.4042764 14.9401641
-2.8270385 29.3038693 26.2494513 31.5204267 28.5455784 -10.7505287
-3.2755013 30.1779898 24.9670097 37.6163103 27.5759914 15.6302722
-3.7675208 31.0058333 24.4538302 30.4313988 27.5855307 -11.1673539
-4.1909931 31.8907972 23.1420651 37.5988321 26.8126989 15.7041350
-4.6617198 32.7305318 22.6517397 29.8826773 25.0025025 -0.4556893
-5.0699905 33.6433580 21.6357156 31.2439648 23.9344381 12.2419034
-5.4713538 34.5343949 21.1269973 27.8563714 22.0295376 6.0317394
-5.8146738 35.4677168 20.3996181 27.1038455 20.6617761 9.1739135
-6.1228276 36.4055988 19.8586828 26.2817013 19.2468106 11.4218078
-6.3788714 37.3517624 19.5124684 25.4708269 17.8979609 12.9160132
-6.5708177 38.3073744 19.3736771 24.7258302 16.6809028 13.8879579
-6.6905453 39.2707299 19.4659777 24.0756619 15.6230917 14.5211629
-6.7326949 40.2378669 59.8102685 23.5339399 14.7314395 14.9363132
-6.6939384 41.2033022 59.2676127 23.1074290 14.0045903 15.2092834
-6.5725356 42.1606090 59.1857446 22.8013415 13.4396806 15.3880588
-6.3680574 43.1028273 41.5468381 22.6226647 13.0359265 15.5036108
-6.0811997 44.0227533 31.6621771 22.5826741 12.7967684 15.5762196
-5.7136474 44.9131477 25.3120882 22.6994876 12.7315967 15.6189858
-5.2679670 45.7668920 20.8488569 23.0014312 12.8577217 15.6446135
-4.7475298 46.5770916 17.5069024 23.5328587 13.2034085 14.3457038
-4.1527698 47.3418593 16.2433474 24.1546685 44.2912242 -12.5745203
-3.4920080 48.0601883 15.2652355 21.0721314 21.9800530 -13.1109387
-2.8864112 48.8229448 15.8457290 18.4490829 16.4831690 -10.9568668
-2.3358265 49.6357977 16.4341659 16.3703235 14.6139282 -11.6192246
-1.8389953 50.4799506 17.4890621 14.5137508 13.2029622 -13.2900853
-1.4027765 51.3499321 19.5630409 12.8262489 11.8805902 -14.6619601
-1.0366927 52.2454292 23.5373181 11.3313419 10.7112799 -14.8995831
-0.7477853 53.1676108 31.2296115 10.0425624 9.7694035 -15.0658513
-0.5391421 54.1104283 46.2863815 8.9292866 8.9720328 -15.1440884
-0.4130184 55.0674250 44.9757946 8.6965728 8.2716727 -15.0037535
-0.3706837 56.0324057 44.0074421 9.4187637 7.6428073 -13.6446631
-0.4120286 57.0033031 43.3148255 10.4028815 7.0962301 -9.5340856
-0.5313336 57.9822473 31.1432057 11.4193402 6.6667808 -1.3938303
-0.7068791 58.9664180 28.8337440 11.8646217 6.4167095 3.6550095
-0.8900795 59.9474245 31.4178358 11.8247092 6.2875994 4.2441140
-1.0522774 60.9314036 35.7871338 11.7039414 6.1995571 4.0300386
-1.1901898 61.9193515 38.3350483 11.5767921 6.1369816 3.6006290
-1.3049775 62.9107544 37.2548883 11.4613564 6.0929331 3.1153367
-1.3990330 63.9048369 36.2002596 11.3619473 6.0627099 2.6347392
-1.4750969 64.9008797 35.1642976 11.2786753 6.0426421 2.1871790
-1.5359096 65.8982990 34.1413080 11.2102102 6.0298110 1.7867671
-1.5840405 66.8966533 33.1269847 11.1547316 6.0219549 1.4394078
-1.6217990 67.8956244 32.1182612 11.1103187 6.0173904 1.1456155
-1.6511950 68.8949923 31.1130529 11.0751315 6.0149176 0.9023621
-1.6739317 69.8946097 30.1099966 11.0475016 6.0137177 0.7045280
-1.6914215 70.8943811 29.1082296 11.0259716 6.0132543 0.5460253
-1.7048139 71.8942460 28.1072209 11.0093039 6.0131903 0.4202821
-1.7150301 72.8941670 27.1066516 10.9964923 6.0133112 0.3215474
