0.0000000 0.0000000 22.0000000 8.4852814 8.4852814 0.2670131
0.0000000 0.9999891 21.0000362 8.4721309 8.4984933 0.2576125
0.0015534 1.9999778 20.0001153 8.4573111 8.5135022 0.2472786
0.0046055 2.9999639 19.0002277 8.4409473 8.5301873 0.2685489
0.0090962 3.9999428 18.0003870 8.4215953 8.5500559 0.5202812
0.0151490 4.9998832 17.0008176 24.2631001 8.5850094 16.5634451
0.0238520 5.9583484 16.1292175 38.5868042 9.5664372 15.6401563
0.1240595 6.9160942 15.3729868 35.9823961 10.9882746 16.1848498
0.3094262 7.8584024 14.7459218 33.7975045 13.2059521 16.8034221
0.5806747 8.7764721 14.2610112 31.9623995 14.3666001 17.2212632
0.9383298 9.6621525 13.9289323 30.4464116 12.9257260 17.4724200
1.3810381 10.5070556 13.7660900 29.2159649 11.7326918 17.5841884
1.9057599 11.3029189 13.7991453 28.2399596 10.7525648 17.5621300
2.5080331 12.0419860 14.0703638 27.4919775 9.9580179 17.3691573
3.1823017 12.7174440 14.6432070 26.9491030 9.3280398 16.8966526
3.9223166 13.3239937 15.6041974 17.0831105 8.8450611 14.2785803
4.7278190 13.8628223 28.9130280 14.0691354 8.4623876 12.6140105
5.5807977 14.3368864 26.9194985 12.6135305 8.1606471 8.9756150
6.4768094 14.7526058 25.3542925 12.1179057 7.8786192 8.2090981
7.3950824 15.1219117 23.9335358 11.7600578 7.6408600 7.7681853
8.3309020 15.4474449 22.6112915 11.4526413 7.4491766 7.3372743
9.2813856 15.7307665 21.3677084 11.1783955 7.3017862 6.8769673
10.2440324 15.9736122 20.1877248 10.9301821 7.1961756 6.3783690
11.2165876 16.1780494 19.0586309 10.7042008 7.1292371 5.8467260
12.1970201 16.3464987 17.9693620 10.4977541 7.0973838 5.2939967
13.1835347 16.4816866 16.9103569 10.3085119 7.0966781 4.7344374
14.1745893 16.5865597 15.8735640 10.1343254 24.3495648 -12.4285543
15.1481920 16.6625682 15.0198224 11.2215756 25.0144809 -13.4318306
16.1099588 16.8076434 14.2564864 12.8533130 26.2253816 -14.1859466
17.0545443 17.0260445 13.5890660 14.5675001 28.2294470 -14.7074403
17.9759686 17.3201881 13.0202896 13.0091647 31.4987898 -15.0300343
18.8678604 17.6907004 12.5522332 11.6712134 33.8738773 -15.1986048
19.7237057 18.1365681 12.1887535 10.5245187 32.6330946 -15.2626400
20.5370655 18.6553633 11.9382501 9.5431595 31.6103706 -15.2703693
21.3017365 19.2435064 11.8171273 8.7058869 30.7834493 -15.2631688
22.0118455 19.8965325 11.8547761 7.9966180 30.1353621 -15.2661631
22.6619022 20.6093421 12.1014072 7.4043691 29.6560889 -15.2687907
23.2468813 21.3764454 12.6405902 6.9226863 23.8521741 -15.1739799
23.7624960 22.1923057 13.6056986 6.5479249 18.9400514 -14.6956510
24.2059467 23.0519542 15.1814196 6.2743364 16.1734437 -13.0550350
24.5777366 23.9523694 17.4363495 6.0791832 14.5475312 -13.0819550
24.8806406 24.8781216 21.4755340 5.9855741 13.2789556 -14.0658194
25.1118743 25.8201749 24.4910739 6.0310422 12.1415580 -13.2140267
25.2665873 26.7813257 23.2995166 6.1995721 11.2520652 -11.6020592
25.3481175 27.7574949 22.2454382 6.4744740 10.5647550 -8.5873874
25.3641738 28.7461538 21.2658164 6.7875767 10.0819625 -4.9974001
25.3307536 29.7417917 20.2979603 7.0586851 9.7749327 -2.6957712
25.2682688 30.7387288 19.3204261 7.2834997 9.5605834 -1.3631377
25.1900976 31.7353849 18.3326875 7.4734116 9.3943949 -0.4855455
25.1040045 32.7316359 17.3370247 7.6328496 9.2599489 0.2190551
25.0150950 33.7276683 16.3351870 7.7596382 9.1538181 1.0618741
24.9274694 34.7236494 15.3273211 7.8384253 9.0867048 1.8210551
24.8460251 35.7198206 14.3162311 7.8665535 9.0618635 2.4499081
24.7751666 36.7163906 13.3050163 7.8465830 9.0812080 3.2033858
24.7185518 37.7132216 12.2957043 7.7707780 9.1591814 4.1191154
